304.60750853242314, 35.54594415299891
506.31399317406135, 183.71158227350895
562.6279863481228, 203.6124228590383
488.90784982935145, 239.48089697371756
258.0204778156996, 203.87210530450494
286.68941979522185, 222.26198685439454
280.5460750853242, 239.14701954383185
246.24573378839585, 241.22229690214118
246.75767918088732, 252.98656634340932
252.38907849829346, 260.65439976257613
210.40955631399316, 264.2707505913777
216.55290102389077, 267.3345670067998
186.34812286689416, 240.76185155765825
144.8805460750853, 258.7000165847612
164.84641638225253, 292.9540951266989
164.84641638225253, 311.8799263287449
168.4300341296928, 311.3653622897445
136.68941979522182, 317.5305290538831
115.69965870307166, 300.15711879053447
106.48464163822524, 341.59719979399983
151.53583617747438, 345.1393556383824
150.51194539249144, 350.25531803461854
187.37201365187713, 341.01673315119194
172.0136518771331, 375.300926127982
173.037542662116, 383.99570541972537
166.38225255972694, 381.4438343967948
168.94197952218428, 397.2984296849769
158.70307167235492, 406.51431963199286
463.8225255972696, 319.8091879577176
445.39249146757675, 384.78653666541555
502.7303754266211, 388.8297268751692
255.46075085324227, 563.9765893002103
230.37542662116036, 531.2614020233409
239.59044368600678, 520.0003491528679
268.259385665529, 524.0679800633712
270.30716723549483, 525.0892522018453
270.30716723549483, 521.5086895419987
332.7645051194539, 502.5296125276049
303.07167235494876, 501.53190820771107
302.0477815699658, 489.2565662561211
289.7610921501706, 485.17496923090357
290.78498293515355, 481.0820247374807
292.8327645051194, 479.03424316751483
271.33105802047777, 477.0065378874506
266.21160409556313, 462.6886516589126
176.1092150170648, 459.69641158140064
307.16723549488046, 464.69977217775374
359.38566552901017, 469.25883574976217
372.6962457337883, 487.15030158078963
435.66552901023886, 468.68229707671765
406.4846416382252, 475.8682995382453
398.29351535836173, 466.15661251887605
403.92491467576787, 460.5252132014699
404.9488054607508, 462.0588671735203
403.92491467576787, 443.13390885364385
231.39931740614333, 385.4804779902761
254.43686006825936, 399.27157982943885
268.259385665529, 406.42092123984185
270.30716723549483, 395.6774874959629
355.8020477815699, 423.7375941621641
354.26621160409553, 415.55476026291217
359.89761092150167, 418.61901311941904
365.5290102389078, 417.59119436467273
367.5767918088737, 411.4513411834537
375.7679180887372, 419.1169923971963
316.89419795221835, 404.8449324825642
317.40614334470985, 392.05677225631314
336.8600682593856, 393.0632053979034
349.14675767918084, 386.914623394988
331.740614334471, 378.74531916936536
338.90784982935145, 373.6241194801114
328.6689419795221, 367.494740884928
335.8361774744027, 365.4425949041139
333.7883959044368, 355.2141616403202
346.075085324232, 340.88143641489836
340.4436860068259, 335.2596388013582
334.3003412969283, 335.26487609437606
335.8361774744027, 314.291699763449
349.14675767918084, 313.25733439243044
348.63481228668934, 295.35495753428245
338.39590443686, 281.5529446679993
290.78498293515355, 370.5960912336444
307.67918088737196, 358.3054738440858
300.51194539249144, 355.24253031083333
301.0238907849829, 343.98889693880227
294.88054607508525, 340.9250805233802
276.96245733788396, 351.1705349894818
263.13993174061426, 340.95213987063886
270.30716723549483, 321.50868954199876
278.49829351535834, 314.3405811649486
288.7372013651877, 316.88939710028546
296.9283276450511, 316.3709050915217
297.95221843003407, 326.6002112374851
310.23890784982933, 313.2905039148766
313.8225255972696, 306.12632350758975
312.79863481228665, 301.01210687569284
293.85665529010237, 306.6548536613043
296.9283276450511, 299.49110969510224
285.15358361774736, 298.47812993723977
256.9965870307167, 319.4740012045774
245.73378839590438, 308.2304059774971
252.38907849829346, 298.50606216666813
252.3890784982935, 289.2989010413485
264.6757679180887, 285.7078637954663
276.9624573378839, 278.53626388973754
297.95221843003407, 276.98384295104006
308.70307167235495, 280.04373139669883
